accuracy_simple = 0.2907216494845361
silhouette_avg = 0.06750532652552695
