accuracy_simple = 0.34897119341563787
accuracy_weight = 0.3390946502057613
