accuracy_simple = 0.20333333333333334
accuracy_weight = 0.20333333333333334
