accuracy_simple = 0.2907216494845361
silhouette_avg = 0.0663397772659721
