accuracy_simple = 0.27835051546391754
silhouette_avg = 0.28279167
