accuracy_simple = 0.351440329218107
accuracy_weight = 0.345679012345679
