accuracy_simple = 0.27422680412371137
silhouette_avg = 0.06689945981490265
