accuracy_simple = 0.28865979381443296
silhouette_avg = 0.0582083371560216
