accuracy_simple = 0.2721649484536082
silhouette_avg = 0.02262253038878376
