accuracy_simple = 0.3134020618556701
silhouette_avg = 0.03997355972996533
