accuracy_simple = 0.2824742268041237
silhouette_avg = 0.3521564206937509
