accuracy_simple = 0.20133333333333334
accuracy_weight = 0.19733333333333333
