accuracy_simple = 0.2804123711340206
silhouette_avg = 0.0631207
