accuracy_simple = 0.2865979381443299
silhouette_avg = 0.06151495976753708
